2.041361967319645365e-01
2.071495995937098211e-01
7.101680217885877333e-01
5.329907791635576375e-01
3.660799356947047056e-01
7.653247482403869872e-01
8.152369913983377181e-01
5.176766064985568461e-01
2.591883243309154317e-01
1.533354892475921882e-01
9.312205878090447364e-02
8.938464198604911815e-02
1.395336471001167589e-01
3.315945582267287306e-01
9.991601610051345506e-02
1.587759693708701569e-01
7.349532946491731389e-01
3.131459233267631093e-01
1.718790801442715011e-01
2.849080683286674409e-01
2.558205435346598278e-01
3.371462748904609508e-01
1.699318139318126419e-01
2.015759145659289375e-01
3.721818049465552281e-01
4.510356678628558297e-02
2.275257251332328257e-01
2.086697266409811846e-01
2.073429289862464830e-01
1.390342173171393858e-01
2.319574160910808924e-01
1.643894477999131576e-01
1.440521221874342950e-01
2.190675279520819807e-01
1.388161525544293895e-01
3.292236395209130473e-01
1.782618797358582752e-01
1.513422729446932402e-01
1.726477028188848351e-01
3.158699680575575153e-01
1.623738595943904628e-01
6.098545693917064581e-01
9.437377484074792322e-02
3.018299322695505715e-01
1.556039101378531575e-01
3.822776764861299803e-01
1.414217111074978217e-01
2.049818849096357587e-01
2.559154481182511764e-01
8.668625095949084036e-02
8.391941740469731348e-02
1.611605740421969690e-01
3.425141559826208049e-01
3.941601848840117772e-01
1.365168371782667645e-01
2.385859323721374325e-01
1.000530291062042415e-01
1.982091600619622918e-01
3.449979169611673280e-01
4.437128536710278071e-01
3.732811909244497794e-01
1.877460031522305561e-01
6.007317423520708299e-01
1.262168045942589634e-01
1.172658209628604647e-01
7.261652317179880800e-01
1.457078744541892290e-01
1.260465094508672612e-01
2.464293433447123094e-01
1.932592799293219032e-01
7.777029532105490528e-01
2.288181260259043726e-01
6.698396628168595823e-02
1.213919360766722022e-01
9.871871253952278769e-02
1.461228516522579679e-01
2.787074085414955049e-01
4.292482883034315355e-01
1.524421922659442152e-01
1.824414814907550086e-01
2.793839745279732001e-01
7.034778859977645071e-01
8.100442370849959828e-02
2.944369806851701021e-01
7.402148450565800009e-02
2.236540784832656559e-01
2.516588818864890498e-01
2.470213179301797290e-01
1.165337391551741902e-01
2.825562102269743026e-01
3.623849730694377325e-01
2.106913312092938695e-01
5.316630815398609711e-01
1.907112053866939425e-02
1.060338002479914166e-01
4.086259237359192165e-01
5.708324509430264815e-01
2.771503338616547740e-01
6.160647834982000415e-01
1.135004108594485084e-01
