1.334589999999999943e-01 3.600000000000000000e+01
1.800579999999999958e-01 2.600000000000000000e+01
2.845619999999999816e-01 1.900000000000000000e+01
1.921950000000000047e-01 4.000000000000000000e+00
1.287600000000000133e-01 3.500000000000000000e+01
1.120389999999999997e-01 9.000000000000000000e+00
1.660880000000000134e-01 5.000000000000000000e+00
6.566279999999999895e-01 1.800000000000000000e+01
1.892580000000000096e-01 2.600000000000000000e+01
2.158519999999999883e-01 1.700000000000000000e+01
9.377599999999999825e-02 3.300000000000000000e+01
5.473299999999999693e-02 1.700000000000000000e+01
1.685109999999999941e-01 3.400000000000000000e+01
1.520960000000000090e-01 3.000000000000000000e+01
2.135410000000000086e-01 8.000000000000000000e+00
2.099519999999999997e-01 2.200000000000000000e+01
2.247049999999999881e-01 1.400000000000000000e+01
8.104100000000000192e-02 2.500000000000000000e+01
2.605060000000000153e-01 3.400000000000000000e+01
9.732000000000000373e-02 2.000000000000000000e+00
2.059580000000000022e-01 2.100000000000000000e+01
7.431899999999999618e-02 6.000000000000000000e+00
1.865469999999999906e-01 3.600000000000000000e+01
1.357549999999999868e-01 1.100000000000000000e+01
3.249420000000000086e-01 8.000000000000000000e+00
7.333000000000000629e-02 1.100000000000000000e+01
1.542620000000000102e-01 9.000000000000000000e+00
1.475120000000000042e-01 2.300000000000000000e+01
1.050299999999999984e-01 3.300000000000000000e+01
9.998500000000000443e-02 2.500000000000000000e+01
1.777849999999999986e-01 8.000000000000000000e+00
1.827999999999999903e-01 1.300000000000000000e+01
9.731800000000000173e-02 1.700000000000000000e+01
8.255700000000000538e-02 1.000000000000000000e+01
1.657079999999999942e-01 2.800000000000000000e+01
1.569369999999999932e-01 2.400000000000000000e+01
6.795700000000000351e-02 3.700000000000000000e+01
1.098670000000000063e-01 3.600000000000000000e+01
8.795799999999999452e-02 3.500000000000000000e+01
2.341840000000000033e-01 7.000000000000000000e+00
1.770589999999999942e-01 3.000000000000000000e+01
5.666790000000000438e-01 2.700000000000000000e+01
1.602459999999999996e-01 3.200000000000000000e+01
2.943500000000000005e-01 8.000000000000000000e+00
2.046229999999999993e-01 9.000000000000000000e+00
1.665200000000000014e-01 1.400000000000000000e+01
8.525900000000000145e-02 1.900000000000000000e+01
7.777499999999999691e-02 2.800000000000000000e+01
2.782519999999999993e-01 1.000000000000000000e+01
7.488999999999999824e-02 1.600000000000000000e+01
8.478600000000000025e-02 1.700000000000000000e+01
2.105799999999999894e-01 1.600000000000000000e+01
1.522709999999999897e-01 6.000000000000000000e+00
6.640679999999999916e-01 1.100000000000000000e+01
3.996299999999999852e-02 1.400000000000000000e+01
1.575060000000000071e-01 7.000000000000000000e+00
1.780899999999999844e-02 0.000000000000000000e+00
1.568599999999999856e-02 2.500000000000000000e+01
2.739590000000000081e-01 0.000000000000000000e+00
2.491170000000000051e-01 2.500000000000000000e+01
1.177600000000000036e-01 2.300000000000000000e+01
5.636200000000000238e-02 1.300000000000000000e+01
6.629469999999999530e-01 1.300000000000000000e+01
7.584599999999999675e-02 2.900000000000000000e+01
2.278399999999999870e-02 1.200000000000000000e+01
8.665589999999999682e-01 3.800000000000000000e+01
9.580099999999999727e-02 1.800000000000000000e+01
8.179400000000000559e-02 3.700000000000000000e+01
1.407660000000000022e-01 2.100000000000000000e+01
6.630800000000000582e-02 2.500000000000000000e+01
3.465110000000000134e-01 2.000000000000000000e+00
2.446659999999999946e-01 3.900000000000000000e+01
6.422500000000000431e-02 1.300000000000000000e+01
3.072369999999999823e-01 3.000000000000000000e+01
6.294900000000000495e-02 1.000000000000000000e+01
1.635620000000000129e-01 2.100000000000000000e+01
1.285129999999999884e-01 3.400000000000000000e+01
4.752689999999999970e-01 2.200000000000000000e+01
1.289750000000000063e-01 0.000000000000000000e+00
8.575000000000000677e-02 1.600000000000000000e+01
2.145199999999999885e-01 1.700000000000000000e+01
5.353909999999999503e-01 9.000000000000000000e+00
1.012070000000000053e-01 3.600000000000000000e+01
2.542590000000000128e-01 1.600000000000000000e+01
1.660470000000000002e-01 3.000000000000000000e+00
1.137370000000000048e-01 3.100000000000000000e+01
2.263729999999999909e-01 3.400000000000000000e+01
1.067739999999999939e-01 2.900000000000000000e+01
6.716800000000000548e-02 1.000000000000000000e+01
1.097940000000000027e-01 2.500000000000000000e+01
2.178350000000000009e-01 3.400000000000000000e+01
7.980800000000000394e-02 3.500000000000000000e+01
1.795489999999999864e-01 2.000000000000000000e+01
2.119310000000000083e-01 3.100000000000000000e+01
8.003000000000000391e-02 1.100000000000000000e+01
3.929710000000000147e-01 2.300000000000000000e+01
5.474489999999999634e-01 1.900000000000000000e+01
8.062500000000000222e-02 3.800000000000000000e+01
7.084000000000000297e-01 2.400000000000000000e+01
1.024059999999999970e-01 2.000000000000000000e+01
