2.923999999999999950e-03 1.900000000000000000e+01
9.999999999999999547e-07 0.000000000000000000e+00
8.179000000000000506e-03 1.900000000000000000e+01
0.000000000000000000e+00 1.000000000000000000e+00
0.000000000000000000e+00 0.000000000000000000e+00
3.240999999999999957e-03 3.000000000000000000e+01
9.999999999999999547e-07 0.000000000000000000e+00
6.480000000000000300e-04 1.100000000000000000e+01
1.069999999999999988e-04 3.700000000000000000e+01
1.077000000000000006e-02 1.000000000000000000e+01
9.999999999999999547e-07 0.000000000000000000e+00
9.999999999999999547e-07 0.000000000000000000e+00
3.040000000000000167e-04 7.000000000000000000e+00
8.299999999999999815e-05 1.900000000000000000e+01
2.590999999999999987e-03 2.500000000000000000e+01
9.999999999999999547e-07 0.000000000000000000e+00
9.999999999999999547e-07 0.000000000000000000e+00
9.999999999999999547e-07 0.000000000000000000e+00
9.999999999999999547e-07 0.000000000000000000e+00
0.000000000000000000e+00 0.000000000000000000e+00
9.999999999999999547e-07 0.000000000000000000e+00
0.000000000000000000e+00 0.000000000000000000e+00
1.299699999999999987e-02 1.100000000000000000e+01
9.999999999999999547e-07 0.000000000000000000e+00
0.000000000000000000e+00 0.000000000000000000e+00
1.800000000000000046e-05 3.600000000000000000e+01
1.038000000000000077e-03 2.600000000000000000e+01
3.161000000000000181e-03 1.400000000000000000e+01
4.800000000000000122e-05 3.100000000000000000e+01
9.999999999999999547e-07 0.000000000000000000e+00
9.999999999999999547e-07 0.000000000000000000e+00
3.000000000000000076e-06 2.400000000000000000e+01
9.999999999999999547e-07 0.000000000000000000e+00
0.000000000000000000e+00 7.000000000000000000e+00
9.999999999999999547e-07 0.000000000000000000e+00
1.399999999999999979e-05 3.400000000000000000e+01
9.000000000000000228e-06 1.200000000000000000e+01
9.999999999999999547e-07 0.000000000000000000e+00
9.999999999999999547e-07 3.400000000000000000e+01
0.000000000000000000e+00 0.000000000000000000e+00
1.363999999999999978e-03 3.600000000000000000e+01
1.099999999999999971e-05 3.200000000000000000e+01
3.130000000000000187e-04 2.800000000000000000e+01
9.999999999999999547e-07 0.000000000000000000e+00
0.000000000000000000e+00 0.000000000000000000e+00
0.000000000000000000e+00 0.000000000000000000e+00
0.000000000000000000e+00 0.000000000000000000e+00
2.289999999999999935e-03 3.100000000000000000e+01
0.000000000000000000e+00 0.000000000000000000e+00
2.500000000000000052e-04 3.700000000000000000e+01
9.999999999999999547e-07 3.400000000000000000e+01
3.300000000000000253e-05 2.700000000000000000e+01
9.999999999999999547e-07 0.000000000000000000e+00
9.999999999999999547e-07 0.000000000000000000e+00
1.516999999999999902e-03 1.200000000000000000e+01
9.999999999999999547e-07 0.000000000000000000e+00
6.183000000000000128e-03 3.300000000000000000e+01
7.100000000000000462e-05 1.600000000000000000e+01
6.000000000000000152e-06 1.600000000000000000e+01
1.000000000000000048e-04 3.200000000000000000e+01
3.600000000000000091e-05 9.000000000000000000e+00
9.899999999999999404e-05 2.900000000000000000e+01
0.000000000000000000e+00 0.000000000000000000e+00
2.247999999999999998e-03 3.200000000000000000e+01
0.000000000000000000e+00 1.000000000000000000e+00
4.459999999999999989e-04 6.000000000000000000e+00
1.389999999999999905e-04 1.800000000000000000e+01
9.999999999999999547e-07 0.000000000000000000e+00
9.999999999999999547e-07 0.000000000000000000e+00
0.000000000000000000e+00 0.000000000000000000e+00
6.999999999999999895e-06 3.000000000000000000e+01
9.999999999999999547e-07 0.000000000000000000e+00
0.000000000000000000e+00 0.000000000000000000e+00
3.310000000000000225e-04 2.000000000000000000e+01
2.480000000000000108e-04 2.800000000000000000e+01
0.000000000000000000e+00 0.000000000000000000e+00
0.000000000000000000e+00 0.000000000000000000e+00
0.000000000000000000e+00 0.000000000000000000e+00
2.939999999999999905e-04 3.900000000000000000e+01
3.750000000000000078e-04 2.700000000000000000e+01
3.000000000000000076e-05 4.000000000000000000e+00
9.999999999999999547e-07 3.100000000000000000e+01
0.000000000000000000e+00 3.500000000000000000e+01
2.099999999999999884e-05 1.100000000000000000e+01
1.693700000000000067e-02 1.000000000000000000e+00
0.000000000000000000e+00 0.000000000000000000e+00
0.000000000000000000e+00 0.000000000000000000e+00
9.999999999999999547e-07 0.000000000000000000e+00
2.141000000000000108e-03 3.700000000000000000e+01
5.199999999999999680e-05 2.300000000000000000e+01
3.458000000000000136e-03 1.100000000000000000e+01
9.999999999999999547e-07 0.000000000000000000e+00
0.000000000000000000e+00 0.000000000000000000e+00
9.999999999999999547e-07 0.000000000000000000e+00
1.368999999999999991e-03 3.000000000000000000e+00
0.000000000000000000e+00 0.000000000000000000e+00
1.200000000000000030e-05 1.100000000000000000e+01
1.119999999999999983e-04 1.500000000000000000e+01
9.999999999999999547e-07 3.400000000000000000e+01
5.199999999999999680e-05 3.300000000000000000e+01
