2.624100000000000044e-02 7.000000000000000000e+00
2.193200000000000011e-02 3.000000000000000000e+00
3.719999999999999891e-04 3.700000000000000000e+01
8.729999999999999913e-03 3.700000000000000000e+01
4.057800000000000296e-02 2.300000000000000000e+01
8.304000000000000617e-03 3.300000000000000000e+01
1.236100000000000046e-02 4.000000000000000000e+00
1.025000000000000086e-03 2.200000000000000000e+01
1.596099999999999949e-02 6.000000000000000000e+00
1.889999999999999970e-03 4.000000000000000000e+00
7.034999999999999587e-03 2.600000000000000000e+01
3.519699999999999912e-02 0.000000000000000000e+00
1.803899999999999948e-02 1.500000000000000000e+01
9.069999999999999937e-03 1.600000000000000000e+01
1.334399999999999996e-02 3.400000000000000000e+01
7.365000000000000019e-03 3.200000000000000000e+01
4.566999999999999879e-03 2.500000000000000000e+01
9.223999999999999561e-03 1.600000000000000000e+01
1.399000000000000070e-02 1.800000000000000000e+01
2.035500000000000156e-02 3.800000000000000000e+01
1.828899999999999970e-02 0.000000000000000000e+00
7.948000000000000204e-03 2.900000000000000000e+01
6.653000000000000060e-03 1.700000000000000000e+01
1.434099999999999958e-02 3.700000000000000000e+01
1.852499999999999980e-02 1.600000000000000000e+01
2.392999999999999988e-02 9.000000000000000000e+00
1.027299999999999915e-02 1.100000000000000000e+01
2.833000000000000015e-03 8.000000000000000000e+00
2.075600000000000014e-02 3.800000000000000000e+01
1.048999999999999932e-02 1.000000000000000000e+01
3.867999999999999911e-03 1.100000000000000000e+01
1.756200000000000122e-02 1.300000000000000000e+01
1.515200000000000054e-02 0.000000000000000000e+00
1.703000000000000087e-03 5.000000000000000000e+00
2.302999999999999839e-02 1.000000000000000000e+00
6.215000000000000038e-03 2.500000000000000000e+01
9.162000000000000005e-03 2.200000000000000000e+01
2.320699999999999846e-02 3.700000000000000000e+01
4.423599999999999755e-02 3.200000000000000000e+01
1.315900000000000056e-02 7.000000000000000000e+00
1.372100000000000056e-02 3.900000000000000000e+01
3.749000000000000162e-03 3.400000000000000000e+01
9.584000000000000505e-03 1.300000000000000000e+01
1.676599999999999965e-02 7.000000000000000000e+00
1.329600000000000053e-02 1.400000000000000000e+01
1.890299999999999966e-02 8.000000000000000000e+00
1.014299999999999924e-02 2.400000000000000000e+01
7.609999999999999577e-04 2.300000000000000000e+01
1.497000000000000067e-02 6.000000000000000000e+00
2.981299999999999922e-02 4.000000000000000000e+00
1.805700000000000013e-02 0.000000000000000000e+00
2.768000000000000061e-03 1.000000000000000000e+00
1.694800000000000126e-02 1.400000000000000000e+01
2.808400000000000132e-02 1.400000000000000000e+01
2.507999999999999813e-03 2.500000000000000000e+01
7.452000000000000290e-03 1.200000000000000000e+01
1.737599999999999908e-02 2.800000000000000000e+01
8.881000000000000005e-03 4.000000000000000000e+00
1.104300000000000073e-02 3.900000000000000000e+01
4.025499999999999912e-02 1.400000000000000000e+01
5.087000000000000376e-03 1.300000000000000000e+01
2.053699999999999970e-02 1.800000000000000000e+01
1.703000000000000087e-03 3.700000000000000000e+01
1.564400000000000165e-02 3.100000000000000000e+01
3.309900000000000342e-02 2.300000000000000000e+01
1.943800000000000042e-02 2.700000000000000000e+01
2.486899999999999875e-02 6.000000000000000000e+00
2.301200000000000120e-02 8.000000000000000000e+00
3.051200000000000093e-02 9.000000000000000000e+00
4.531000000000000305e-03 2.300000000000000000e+01
4.503299999999999664e-02 5.000000000000000000e+00
2.192399999999999904e-02 1.400000000000000000e+01
2.162000000000000033e-02 3.500000000000000000e+01
3.103099999999999956e-02 1.000000000000000000e+00
2.356300000000000061e-02 2.600000000000000000e+01
1.602900000000000158e-02 3.200000000000000000e+01
1.965899999999999939e-02 3.000000000000000000e+01
4.547999999999999959e-03 3.200000000000000000e+01
3.890000000000000228e-04 1.700000000000000000e+01
1.294499999999999991e-02 3.000000000000000000e+01
7.158000000000000300e-03 2.000000000000000000e+01
1.096399999999999979e-02 3.000000000000000000e+00
3.171899999999999720e-02 1.300000000000000000e+01
1.183900000000000056e-02 0.000000000000000000e+00
3.375100000000000322e-02 3.200000000000000000e+01
6.486999999999999711e-03 1.000000000000000000e+00
9.920000000000000432e-04 2.900000000000000000e+01
1.085200000000000053e-02 9.000000000000000000e+00
1.972300000000000095e-02 4.000000000000000000e+00
3.837000000000000133e-03 2.300000000000000000e+01
1.155100000000000050e-02 2.200000000000000000e+01
1.593999999999999931e-02 2.500000000000000000e+01
8.925000000000000641e-03 2.000000000000000000e+00
1.873599999999999918e-02 2.300000000000000000e+01
7.366000000000000152e-03 6.000000000000000000e+00
1.658199999999999952e-02 3.500000000000000000e+01
2.578899999999999942e-02 1.800000000000000000e+01
1.138199999999999976e-02 1.800000000000000000e+01
2.353900000000000090e-02 1.400000000000000000e+01
1.235999999999999903e-03 1.000000000000000000e+00
