4.290091211219316802e-01
3.983159566537122220e-01
3.559766429041278518e-02
2.985592915694017524e-01
1.581446090465383481e-01
1.611598303246713493e-01
2.004999269655746430e-01
2.386322699059599262e-01
3.608424893493442642e-01
1.214919921231277788e-01
8.174950148389374671e-02
2.109368340872727343e-01
2.427801654424335126e-02
2.140017719815527908e-01
8.432579284641462947e-02
1.858476973226465823e-01
9.678550361272997282e-02
1.730483121566457616e-02
2.417362085467296973e-01
7.999147931497101183e-02
1.556186455928303680e-01
1.831663024048293953e-01
2.400791363846181414e-01
2.098225751896484748e-01
2.383041036765855547e-01
3.010584543771043786e-01
2.054026031575384437e-01
1.719205728292398996e-02
3.128037530954180800e-01
1.649723157111431526e-01
3.079623519940082321e-01
2.119315487451690627e-01
1.735615861148291084e-01
5.697713035825532346e-01
3.828005895503532874e-01
2.230695138499877994e-01
3.316997555015739341e-01
1.437510219532095457e-01
1.615325138639521763e-01
3.652106189693009042e-01
3.447373827767687970e-01
1.722363374790962243e-01
4.461402994569514391e-01
6.467649249939212350e-03
1.275452165455529807e-01
1.748694515178208786e-01
4.550274781267447111e-01
1.156869712937001332e-01
1.148550470776312227e-01
3.318840703979756279e-01
4.085011380933051967e-02
2.703323643104774132e-02
3.148965669614895435e-01
2.374710091196445827e-01
1.583571436793120013e-01
4.507774734264380356e-02
6.174336952013379648e-02
8.428385507761544659e-02
4.044907167877820897e-01
2.030977400709639835e-01
2.014267320861848343e-01
4.525561922170559526e-02
4.858341434361330702e-01
1.257441160759465992e-01
4.888009698123235020e-02
3.322149066379733173e-01
1.752471501429308035e-02
4.765439100162183889e-02
2.581533390213853196e-01
1.422954673902664946e-01
1.971114034027974526e-01
2.329360845522165935e-01
2.016854807040554809e-01
1.581450963734662152e-01
6.093274391810833690e-02
1.459067189996267611e-01
3.187911753682276528e-01
4.022721465845093824e-01
3.563545374373202068e-01
1.656963684384970825e-01
1.649280473980793138e-01
5.640535605417451755e-03
1.236634631508630872e-01
2.777393653776817906e-01
4.428525556969745702e-01
9.955310552088766918e-02
4.660360354211958711e-01
2.619682930920823605e-01
1.735595108110593587e-01
6.815697622983039883e-02
3.116359715944689301e-01
4.793549322102735183e-02
3.664403920834434780e-01
4.624865787370635584e-01
3.533232875735092121e-02
1.517926011661677732e-01
2.959555678311606708e-01
1.898527253971363585e-03
5.682115711388598112e-02
3.020758694949614645e-02
