5.603819023106303837e-02
5.948138166013992173e-02
6.039880131926565754e-02
3.063204754768241583e-02
1.507499340842948232e-01
4.601253889669284884e-03
6.028931661337131459e-02
2.423905421661145306e-03
1.331121681605233198e-01
1.399144030040689289e-02
2.814570800527708277e-02
2.810538488086551934e-01
2.943615003604103941e-02
4.015275197440141414e-02
6.717479087124887671e-02
2.345712239437224012e-02
3.090016587196811951e-02
2.644766085321020171e-02
2.366211551129523971e-02
3.676803768333912481e-02
8.885410068483662327e-02
7.715577991317705553e-02
2.932573213749119223e-02
1.060688111724933519e-01
8.261468754885833987e-02
1.051962455971444943e-01
1.544784249469302075e-02
2.095116792179393950e-02
2.172190462574140890e-01
4.187029908303841613e-02
9.702872101256121082e-03
5.559864676195522271e-02
7.662311881479803854e-02
5.477230481700610422e-03
1.077832243982168592e-01
3.131948887151544264e-02
6.019411183799872750e-02
4.407854341976389506e-02
1.903161394690116026e-01
1.564583910878302245e-02
4.197713527539164574e-02
1.679281319193067640e-02
4.331407868333893990e-02
6.298991290953909195e-02
6.107606532564412855e-02
1.483276765743820613e-01
2.323034881780939101e-02
1.691577910351226358e-02
7.417186934728609016e-02
1.319150607932499386e-01
3.064505603705951903e-02
1.916148777688186314e-03
7.285857983757186573e-02
8.030630518594510103e-02
1.861186771705249099e-02
3.272499897321251572e-02
2.734617666561862254e-02
2.108040983116045777e-02
2.743083553331013974e-02
2.159686966912466033e-01
3.330181505614711324e-02
1.613424447246332161e-01
2.350816515175268087e-02
6.854630064472638784e-02
1.886190348998645627e-01
1.287894962472049265e-01
3.843628157855043248e-02
3.490195132457974553e-02
1.686822077484000093e-01
5.078367313805949579e-02
1.337224369452814365e-01
1.049856160906613017e-01
4.061872795425394700e-02
4.801576476916500497e-02
1.264336092908716347e-01
1.179052825113022923e-01
1.019040874994271012e-01
3.739783619319384661e-02
1.265506977790916143e-01
6.262877550767749490e-02
1.903674359780109515e-02
3.960242571237443387e-02
1.133604460951252307e-01
1.010313945624012749e-01
5.816813371603465899e-02
2.148346739289055257e-02
6.185517788693226798e-02
8.562723751302547814e-02
5.972197060559523291e-02
2.634265332212702357e-02
1.995688497285871832e-02
2.971768539683445134e-02
7.912512392077629408e-02
5.695488296371666731e-02
5.016243025387552568e-02
2.167432643659312000e-02
1.022653429477141107e-01
1.801766276134299932e-02
5.164296271447153114e-02
7.818033470876321889e-02
