9.261973020746860560e-03
2.447737383517320162e-02
8.189036573161406762e-02
4.735005156438915064e-02
1.053969751162505963e-01
3.504135285351793472e-02
5.774705593761019634e-02
1.732291973520992331e-02
8.826017778058448116e-02
4.992393707185067975e-02
5.792281378291409821e-02
3.405213679576837155e-02
8.801491969539901317e-02
2.117275300232795629e-02
1.254242071775647227e-01
4.845055344809083564e-02
8.288907172466374040e-02
1.051572492006835370e-02
9.701754547743784984e-02
8.493130368106933947e-02
4.913014024036022748e-02
8.717529939881465961e-02
5.258944169020449144e-02
2.557613045445530225e-02
9.914438917438413157e-02
3.658598882001556311e-03
6.048061214642497241e-02
2.224274979632002644e-02
5.477766124985419122e-02
4.461052503355916743e-02
8.579400839464292050e-02
1.201027754265698994e-01
8.595065325896586450e-02
1.281303905062372850e-01
7.370477519820639589e-02
2.410975997228058040e-02
7.846211508967745885e-02
8.124655341237958794e-02
7.293190026016754812e-02
3.153660108626186315e-02
3.344324589168412923e-03
9.240460219848621592e-02
1.069628506950969227e-01
3.688075379461243364e-02
1.242846142379124275e-01
3.150261565634684610e-03
9.498881978918954916e-02
9.447336862644244160e-02
1.179039511417115660e-01
4.658016637156805334e-02
2.377750369767071825e-02
5.347376717636923016e-02
1.831253976029538488e-02
8.996644777598535037e-02
1.417040257087517994e-03
6.534362349511583026e-03
2.227530184138004632e-02
1.034428246990812400e-01
1.140732683111016915e-01
1.021352447688992915e-01
1.064881902886056358e-01
5.362716102649736638e-02
9.784883583928176420e-02
6.889597498334683323e-02
8.993151708684544998e-02
2.557258210523712105e-02
2.896666592086569181e-02
8.220729547950149374e-02
4.159463192720652680e-02
1.044503732165177473e-01
1.565626390914758373e-02
8.385620045489693142e-02
9.923982602663328212e-02
3.732483976818495863e-02
3.538775499340761355e-02
1.024871623038122875e-01
7.913628791883531299e-02
1.244270444491006739e-01
3.649852814549710278e-02
2.112996910416116078e-02
6.885011694641157698e-02
4.575922917785917032e-02
8.373226025371534320e-02
4.618664629443422487e-02
9.791327031757052213e-02
9.435839675415681749e-02
1.101122834641016512e-01
2.934363295937795005e-02
4.659579183295688154e-02
1.041649129187479650e-01
2.731280341481359675e-02
2.071611741109221499e-02
9.815945649963453423e-02
6.172820657601608453e-03
2.790004792431197839e-02
1.085760318268312180e-01
1.986314023856589756e-02
3.210488016712850778e-02
3.801877611116342287e-02
1.018279564432947870e-01
