0.000000000000000000e+00 0.000000000000000000e+00
1.084650000000000059e-01 1.400000000000000000e+01
0.000000000000000000e+00 0.000000000000000000e+00
0.000000000000000000e+00 0.000000000000000000e+00
0.000000000000000000e+00 0.000000000000000000e+00
0.000000000000000000e+00 0.000000000000000000e+00
0.000000000000000000e+00 0.000000000000000000e+00
2.377080000000000026e-01 3.900000000000000000e+01
3.655300000000000216e-02 3.700000000000000000e+01
0.000000000000000000e+00 0.000000000000000000e+00
0.000000000000000000e+00 0.000000000000000000e+00
0.000000000000000000e+00 0.000000000000000000e+00
0.000000000000000000e+00 0.000000000000000000e+00
0.000000000000000000e+00 0.000000000000000000e+00
0.000000000000000000e+00 0.000000000000000000e+00
3.789999999999999966e-03 1.100000000000000000e+01
0.000000000000000000e+00 0.000000000000000000e+00
0.000000000000000000e+00 0.000000000000000000e+00
0.000000000000000000e+00 0.000000000000000000e+00
0.000000000000000000e+00 0.000000000000000000e+00
0.000000000000000000e+00 0.000000000000000000e+00
0.000000000000000000e+00 0.000000000000000000e+00
7.934800000000000186e-02 7.000000000000000000e+00
0.000000000000000000e+00 0.000000000000000000e+00
0.000000000000000000e+00 0.000000000000000000e+00
0.000000000000000000e+00 0.000000000000000000e+00
0.000000000000000000e+00 0.000000000000000000e+00
0.000000000000000000e+00 0.000000000000000000e+00
0.000000000000000000e+00 0.000000000000000000e+00
0.000000000000000000e+00 0.000000000000000000e+00
3.118399999999999991e-02 1.500000000000000000e+01
7.741399999999999670e-02 1.500000000000000000e+01
0.000000000000000000e+00 0.000000000000000000e+00
0.000000000000000000e+00 5.000000000000000000e+00
2.533000000000000251e-01 9.000000000000000000e+00
0.000000000000000000e+00 0.000000000000000000e+00
1.215159999999999990e-01 1.200000000000000000e+01
0.000000000000000000e+00 0.000000000000000000e+00
0.000000000000000000e+00 2.000000000000000000e+00
0.000000000000000000e+00 0.000000000000000000e+00
0.000000000000000000e+00 1.300000000000000000e+01
0.000000000000000000e+00 0.000000000000000000e+00
5.720000000000000258e-04 1.800000000000000000e+01
0.000000000000000000e+00 0.000000000000000000e+00
0.000000000000000000e+00 0.000000000000000000e+00
1.630699999999999858e-02 2.900000000000000000e+01
2.095579999999999943e-01 2.600000000000000000e+01
0.000000000000000000e+00 0.000000000000000000e+00
2.193000000000000158e-02 2.200000000000000000e+01
0.000000000000000000e+00 0.000000000000000000e+00
0.000000000000000000e+00 0.000000000000000000e+00
0.000000000000000000e+00 0.000000000000000000e+00
2.832310000000000105e-01 3.900000000000000000e+01
1.024699999999999916e-02 3.400000000000000000e+01
0.000000000000000000e+00 0.000000000000000000e+00
0.000000000000000000e+00 0.000000000000000000e+00
0.000000000000000000e+00 0.000000000000000000e+00
0.000000000000000000e+00 0.000000000000000000e+00
0.000000000000000000e+00 0.000000000000000000e+00
9.999999999999999547e-07 0.000000000000000000e+00
9.999999999999999547e-07 1.500000000000000000e+01
4.128899999999999931e-02 1.000000000000000000e+00
1.599999999999999928e-05 9.000000000000000000e+00
0.000000000000000000e+00 0.000000000000000000e+00
0.000000000000000000e+00 4.000000000000000000e+00
0.000000000000000000e+00 0.000000000000000000e+00
1.399599999999999976e-02 3.000000000000000000e+00
0.000000000000000000e+00 0.000000000000000000e+00
0.000000000000000000e+00 0.000000000000000000e+00
0.000000000000000000e+00 0.000000000000000000e+00
5.473800000000000193e-02 8.000000000000000000e+00
0.000000000000000000e+00 0.000000000000000000e+00
0.000000000000000000e+00 0.000000000000000000e+00
7.073300000000000420e-02 0.000000000000000000e+00
0.000000000000000000e+00 0.000000000000000000e+00
0.000000000000000000e+00 0.000000000000000000e+00
0.000000000000000000e+00 0.000000000000000000e+00
0.000000000000000000e+00 2.600000000000000000e+01
0.000000000000000000e+00 4.000000000000000000e+00
1.645880000000000121e-01 3.000000000000000000e+01
0.000000000000000000e+00 0.000000000000000000e+00
0.000000000000000000e+00 0.000000000000000000e+00
0.000000000000000000e+00 8.000000000000000000e+00
0.000000000000000000e+00 0.000000000000000000e+00
0.000000000000000000e+00 3.000000000000000000e+00
9.949900000000000411e-02 1.000000000000000000e+00
0.000000000000000000e+00 0.000000000000000000e+00
1.466389999999999916e-01 1.000000000000000000e+01
0.000000000000000000e+00 1.000000000000000000e+00
0.000000000000000000e+00 2.000000000000000000e+00
0.000000000000000000e+00 0.000000000000000000e+00
0.000000000000000000e+00 1.000000000000000000e+00
0.000000000000000000e+00 0.000000000000000000e+00
0.000000000000000000e+00 0.000000000000000000e+00
0.000000000000000000e+00 0.000000000000000000e+00
0.000000000000000000e+00 0.000000000000000000e+00
0.000000000000000000e+00 0.000000000000000000e+00
4.080999999999999905e-02 7.000000000000000000e+00
0.000000000000000000e+00 0.000000000000000000e+00
0.000000000000000000e+00 0.000000000000000000e+00
