3.679621006119725979e-01 -5.435635050480729091e-02
-2.798700452230128422e-01 3.939425060279928559e-01
1.061053344366601481e+00 1.561847830392928127e-01
-3.646802520979705586e-01 -5.247632594327356070e-01
-1.318774223842736459e+00 1.050635978925037683e+00
6.972270497388219912e-01 8.692014945148222038e-01
6.123938203697100180e-01 1.262883749838451530e+00
-1.353353844106845116e+00 1.645213664925641028e+00
-2.563303013330410218e-01 3.325184114494486032e-01
-1.800748715523834864e+00 -2.664629198605521498e-01
1.072255526122418923e+00 9.783205320789403192e-01
-2.837496762978269915e-01 -1.208055980520469808e+00
-1.058053121309073141e+00 -1.847849033594825441e+00
6.694885112845146979e-01 5.515661768760236061e-01
-9.062710864888599005e-01 1.573163430101722993e+00
1.442338887061128672e-01 3.007577870266974207e-01
1.139533057596589100e-01 1.414417621879978215e+00
-2.210719239804544323e+00 -2.081047059868202931e-01
1.529449561939450142e+00 -1.562412762465688887e-01
-1.119998654252763126e+00 -5.240406679360144482e-01
-1.153556850124445088e+00 9.906852840092387202e-01
1.264558164453687850e+00 -1.226272246457106752e+00
1.566185572469809717e+00 -6.128562079771573412e-01
4.470665599538994339e-01 1.930413610933709334e+00
-3.661123871964435117e-01 -1.392307627948262239e+00
4.864131911446085144e-01 1.078992539239037596e+00
1.408549791367493809e+00 -1.236526365881794876e+00
1.901982272067565677e-02 1.677899047805915256e+00
4.197544667572626342e-01 7.347579196471719643e-01
-1.233924024478724873e-01 -3.518229327809291873e-01
5.865305772916113991e-01 5.575215996986859768e-01
-2.112236290124993143e+00 -1.177661761139729313e+00
6.905124262320621042e-01 7.469518395162060287e-01
-6.487886338496705596e-01 1.168853351156953879e+00
-2.882649670329264224e-01 9.644281446831147742e-01
1.382351104618424698e+00 -1.501266585748568083e+00
-4.892221598635289048e-01 -9.449008833647059014e-01
8.633014958220144308e-01 -1.901622793914465870e-01
-1.745664497028112105e-01 -9.516631915639308659e-01
3.727440482515889109e-01 9.900212350962608876e-02
3.518805933387664786e-01 1.992505843090072171e-01
2.177700982657311546e-01 1.236830633518347433e+00
-3.258528809557340589e-01 5.612495358610265495e-01
1.016084169135918369e+00 1.814700593895038017e+00
-8.406574070177923463e-01 5.998021801892767790e-01
-1.405639828985476125e+00 1.304196508195299142e-01
4.104181008873500347e-01 -8.432453432012935179e-01
1.084766958448291768e-01 8.339332526972378368e-01
1.688546920798585482e+00 3.406257911761323975e-01
-6.217408574291410917e-01 3.095340168927590008e-01
1.113089061919164680e+00 1.468000529572335511e+00
2.029657425639967983e+00 -2.440293573614909228e-01
-2.098694135930688764e-01 1.106033504600216988e+00
-7.001474899958881615e-01 1.135559113607558901e+00
-6.840573795732985962e-01 -1.607646836552619973e+00
-9.597158226473589959e-01 9.049725748057303454e-01
2.184522212148783726e+00 -1.221045131915292209e-01
1.195982958051780676e+00 3.505960517649840957e-01
-5.596298778709561939e-01 -2.245544383805805899e-01
-1.318101459498120520e-01 -7.608243140727148635e-02
-1.619114690419273694e+00 -8.257492041109486536e-01
-2.610585379007926074e-02 7.115712023750779824e-01
-6.413076550761471761e-01 1.820210735436072758e-01
-8.639676715023637543e-01 1.039458598166559833e+00
-9.083262343738446321e-01 -2.356840894104771655e-01
4.405126828150278673e-01 5.911978026188727808e-01
1.274912497550434898e+00 -1.070147463493795609e-01
4.786192238871925242e-02 1.282121191413129191e+00
6.940219702108010313e-01 -1.569967721304007968e+00
-1.313470632004396288e+00 -5.375602759351088000e-01
-1.528334247172985272e+00 -6.087970678391989576e-01
1.306857739033265853e-01 -3.013736296733405817e-01
6.228824706833719915e-01 1.110037334543260590e+00
-1.134859615705116620e-01 -2.781033225996172309e-01
1.136363325826010628e+00 1.049349764095780957e+00
1.145081377955246227e+00 -9.274545667698970153e-01
5.718485795048072751e-01 1.040605356902554318e-01
3.383458273219643320e-01 -5.474548805634557036e-01
-6.542517678162902417e-01 -9.034268812072526744e-01
-1.975192849870393286e-01 -1.135933419522940468e+00
2.523972349877395605e+00 -1.994963225481299895e-01
-9.907336986714699867e-01 9.556681450867255956e-01
-1.345538792397758865e+00 -9.840690256454823759e-01
-1.630490580773987563e+00 1.596522682924036873e+00
-3.805705325371026571e-01 2.361255041498426799e+00
1.140543449863789249e-01 -2.483830074406978561e+00
5.355951161999839005e-01 -2.817408509913917891e-01
-3.746856873985780489e-01 -1.123244650346927997e+00
1.395813684200207350e+00 2.381233763459558617e+00
9.018657076231480219e-02 1.874026526788886482e+00
4.802058233486792838e-01 9.340203806989713087e-01
3.369926318429834061e-02 6.148668486323800586e-01
-5.783159738802138294e-01 6.310465125851537627e-01
4.904722751576033324e-01 -4.724459222400663738e-01
-9.129266658072151541e-01 -2.486777527387249886e+00
-1.331523692504576140e+00 1.046923327923711816e-01
-4.216558859939780191e-01 -9.900899855006471961e-01
-1.002184279070176265e+00 -3.394968004725738564e-01
-1.158125165978310722e+00 -1.494238361077668609e+00
-1.083047169291997847e+00 -2.097126076544327589e+00
