1.121281438038614686e+00 1.806098427913120030e+00
1.215884709882395498e+00 1.821591392776117591e+00
1.994307454342241437e+00 1.973724435477428596e+00
1.418666285162189844e+00 1.381708088414560276e+00
1.915386957096981702e+00 1.355811014156923511e+00
1.407024167602579201e+00 1.910475636524602727e+00
1.315223849097553632e+00 1.322306267241979860e+00
1.219942095313989894e+00 1.831967092144669351e+00
1.295112603018127029e+00 1.026454360177189828e+00
1.206366369583767195e+00 1.171606585429059599e+00
1.360143964520661441e+00 1.313059722695895992e+00
1.370842992892826073e+00 1.681277931760515321e+00
1.542267700034887667e+00 1.583187332204666564e+00
1.206172546727339423e+00 1.442740158875932543e+00
1.921079615821591258e+00 1.153118079440903276e+00
1.309177956955131839e+00 1.391777876799164648e+00
1.722193718864606815e+00 1.747640968062426969e+00
1.058115779455145233e+00 1.245354041885144536e+00
1.566581104586570516e+00 1.296212352530311973e+00
1.935309551030108377e+00 1.839763015398761858e+00
1.404458986398500198e+00 1.227555635069506934e+00
1.898835082548968600e+00 1.754388395873611506e+00
1.205234068598965980e+00 1.481083682727417639e+00
1.291489295112896674e+00 1.704044282654956888e+00
1.866322313728723259e+00 1.466658317829275360e+00
1.045843252542235424e+00 1.600094141604305076e+00
1.404120693721814472e+00 1.509780076516202385e+00
1.100309085499953543e+00 1.050987158736463645e+00
1.435512496966316665e+00 1.404303637879797728e+00
1.206715543726101236e+00 1.099951144114864832e+00
1.597936288045154196e+00 1.580761305630708380e+00
1.983645419157896495e+00 1.149283395245281447e+00
1.306314635028218429e+00 1.320286261921495008e+00
1.999770674242680402e+00 1.303472355497812263e+00
1.707680853400002530e+00 1.688757072905092915e+00
1.111814005639269354e+00 1.104225657269718219e+00
1.733525898053902559e+00 1.523308410915188871e+00
1.814691788961843466e+00 1.856380277096739473e+00
1.373910218405139938e+00 1.756260539940730503e+00
1.414760416268960874e+00 1.298925048505199520e+00
1.037269773180992782e+00 1.507481741781614204e+00
1.451247463035615137e+00 1.323155266151819109e+00
1.858185153397047262e+00 1.293085603054899835e+00
1.420693837801296544e+00 1.914557125634927193e+00
1.767368742240711832e+00 1.155931827873142748e+00
1.028778587673627065e+00 1.078525556000820895e+00
1.944732147102529396e+00 1.726416631289953596e+00
1.361798716775644902e+00 1.126456289869680161e+00
1.694238909828496897e+00 1.025071116891655087e+00
1.273873157396429034e+00 1.306730674931505298e+00
1.275045540053728832e+00 1.826449180221366486e+00
1.470418858258383921e+00 1.529090318648176794e+00
1.172334158442231544e+00 1.595963667130345431e+00
1.639885301538856144e+00 1.499794550734004694e+00
1.018864971770744976e+00 1.918396082362261890e+00
1.040880509994829950e+00 1.160366099099763293e+00
1.081304476618395682e+00 1.040973221334235532e+00
1.714242693114786942e+00 1.222159735302483119e+00
1.774064999082403116e+00 1.127954898722018262e+00
1.686746440206685627e+00 1.310019482754120723e+00
1.746704799696744193e+00 1.247146125472703426e+00
1.533869272670452810e+00 1.959144394999305261e+00
1.767943666640128031e+00 1.354980871437022838e+00
1.624025796887068829e+00 1.529578904105254988e+00
1.530067275269520799e+00 1.438269820400499110e+00
1.298098136466015351e+00 1.936562500753214566e+00
1.038169638102959702e+00 1.642632345376297653e+00
1.692722102395867623e+00 1.758856124624973205e+00
1.228352753407544018e+00 1.724605771110599761e+00
1.938948338931600457e+00 1.398074026780586898e+00
1.107915985751835031e+00 1.425579588574759082e+00
1.703999506509596529e+00 1.725933996184661812e+00
1.967671837519707534e+00 1.539417272577242590e+00
1.336657617612521776e+00 1.848076344045872510e+00
1.162943450340941043e+00 1.807885344021258556e+00
1.964351879929531197e+00 1.440557942455363172e+00
1.683937357609016416e+00 1.845598019336804452e+00
1.933191651839376579e+00 1.109732753643766445e+00
1.306458649668023497e+00 1.526671019813029107e+00
1.239375110580040573e+00 1.635969375267025683e+00
1.400541470638667851e+00 1.422622829061737093e+00
1.471086482984661714e+00 1.733748159038484449e+00
1.942300595705942712e+00 1.879733162484130027e+00
1.166116531880403873e+00 1.105209949938646963e+00
1.779201770548328287e+00 1.479216289323660227e+00
1.764584862977110591e+00 1.522357896112683573e+00
1.748474444355472945e+00 1.171904088852578685e+00
1.367226739322572548e+00 1.956176193086161419e+00
1.300120846740929093e+00 1.386676650601815552e+00
1.861353762998549932e+00 1.346586032873192895e+00
1.214543488497614288e+00 1.859468879932288043e+00
1.231002443581449501e+00 1.677595953096634673e+00
1.895069009100987412e+00 1.600514677705596966e+00
1.074081501431451979e+00 1.688427538249981374e+00
1.126151431130649971e+00 1.614201905239511792e+00
1.754576991854279733e+00 1.225831762314083750e+00
1.134431031623755803e+00 1.205510452242064101e+00
1.379983132927400824e+00 1.886478557848823900e+00
1.392423314160180947e+00 1.613770815646327961e+00
1.469762610634570699e+00 1.129781496955005071e+00
