2.608868448385628813e+00 1.765737955643978285e+00
2.480573052412593071e+00 3.575997238209841722e+00
-3.381241683267833142e+00 2.624670904317646158e+00
-1.745614898610748700e+00 -5.850540489517901815e-02
3.459765030138292285e+00 -8.914896187911163228e-01
-1.559282046978599734e+00 -5.295241612670617215e+00
-6.982884228847265895e-01 -1.035597526673670332e+00
-4.135849280572097275e-03 -1.207982414791159975e+00
1.191099601561088406e+00 -6.341097696461983624e-01
-9.744140238763447925e-01 2.642188616545359386e-02
-6.004133027445398563e-01 1.535529564265282199e+00
-2.725597416802998385e+00 5.984254946810824149e-01
-1.389827580162596554e+00 -2.426137915142960289e+00
-8.235834752109881807e-01 1.415737823214126889e+00
-1.114582305691161013e+00 -1.168942829530422056e+00
8.053895780564985785e-01 -3.721878366313659647e+00
1.119270892585621402e+00 -4.492862322177377798e+00
-1.021229736492363704e+00 -3.125898072639827774e+00
-1.032595160802142420e+00 2.567789251124694250e+00
1.286902628108774982e+00 1.747410593464572504e+00
-1.263720011987259140e+00 -1.013282724490757847e+00
-3.088058437180253857e-01 -2.967050937415684486e-01
1.052967290774252662e+00 4.504530993455216681e+00
-1.266249054850955957e+00 7.872046754403299040e-01
-1.744586936760541329e+00 1.216000901937613898e+00
1.662711624654258813e+00 9.845248049728371198e-01
-6.257457251064210135e-01 2.215893061066232850e+00
-1.032391624284338061e+00 3.916001210714725733e-02
1.911442809558707934e+00 6.129757620107697536e-01
-4.197011484571301354e-01 1.020348654403047117e+00
-2.044948147584448317e-01 7.304511614967144906e-02
-1.821944958454341457e+00 -1.548309767523829095e+00
-1.631473135927282048e+00 -1.238167712438101864e+00
1.172537001881796825e-01 -1.676763123233355302e+00
-2.330501157792345790e+00 1.969281759309250701e-01
3.098362730096125839e-01 -1.057433136370937943e+00
4.038838627949176696e-01 5.047407126831164881e-01
1.494842553788206851e+00 1.666626183235942360e+00
3.399640316746163737e+00 -5.081738186286841596e-01
-6.026449838742228282e-01 2.097193385764125839e+00
1.772935691166937389e+00 3.008340108971306215e+00
-1.715867727043842439e-01 -1.873453850929546749e-01
2.254135166597241113e+00 2.484283134563499029e+00
-1.022734223255008512e+00 -1.227777400268252661e+00
-2.663272007136908037e+00 3.347271358789544848e+00
-1.396683614742650459e+00 6.069939610887354897e-01
1.877109889322726155e-01 1.495185314263761389e-01
2.670651815720619451e-02 9.918267973564703910e-01
1.749112552353855543e+00 1.285095384955448505e+00
-3.128077315614620879e+00 1.651810268692492090e-01
-1.386105215845774064e+00 -2.045106197124452407e+00
9.676279539362063475e-02 3.764721396524899760e-02
-1.688592761508128426e+00 1.284613389815713713e+00
-1.634093606239337859e+00 -1.201231062909797753e+00
1.259311752247956606e-01 -2.197776849629754725e+00
-2.539876768814326446e-01 -8.963856153387045334e-01
-1.280227679118773887e+00 2.363061853959481873e+00
7.835839108877741266e-01 3.186194811813773953e+00
1.093210323919663995e+00 -1.924264155445414515e+00
-4.926116786795582847e+00 -9.794868692279848910e-01
-1.263283282227453119e+00 3.245456031294213783e+00
-2.031351995128703347e+00 2.973843351550005676e-01
-3.390105824064431950e+00 -2.717429896223847591e-02
-1.209509970683553925e+00 1.656670861163604402e-01
2.292907114256511392e+00 -6.877787318819162943e-01
1.789761297920882788e+00 8.429105023555103493e-01
2.039387324596871665e+00 2.246992679981140384e+00
1.667619960409707724e+00 2.089297904022797692e+00
3.674029160896022272e+00 8.160602885900322123e-01
-2.392166140590598622e-01 -1.025152922015023504e+00
3.606885313652863356e+00 -1.106993515160893393e+00
-3.129726128684514830e+00 1.682966295298642390e+00
-1.855788872322786220e+00 -1.902127230246178025e+00
-2.802093548281161972e+00 2.132333720705579694e+00
3.681046721308135705e+00 -1.214098360894769302e+00
-9.053014322284053117e-01 -4.070207551655227185e-01
-1.854112601863114218e+00 1.061857415711935815e+00
4.955492223337601421e-02 -5.431338752366178246e-01
1.543963953884204265e+00 8.003241558089698726e-01
7.758629379223689337e-01 1.055444134084262187e+00
-5.190688948010895309e-01 -1.367726465103703770e+00
-4.746253654295137236e-01 1.137075031173503170e+00
-1.873141538819750096e+00 -9.650281920089427423e-01
9.083707561553983068e-01 -7.421905099803079997e-01
3.432008697402039843e+00 1.899052282497726285e+00
-1.231435727354518672e+00 5.909330044601877496e+00
2.637912603472031492e+00 4.937631687162697958e+00
-8.094925687921813440e-01 -8.187752683440777668e-01
-2.111590487433837371e+00 1.556219812450274631e+00
3.992754991052486352e-02 8.744354021138082134e-01
-7.946348645442771197e-01 -2.064902849758236236e+00
-1.232460470436353983e+00 -1.933093167967989245e+00
5.049347197701153922e-01 5.179600761548239785e-01
2.878822841940221977e+00 -2.809670880920787539e+00
-3.074209191580488665e-01 -2.071195014464110695e+00
-9.509596712681541719e-01 -2.251994706601921248e+00
2.948710309972441657e+00 -1.232269916243806884e+00
-6.554086767770443966e-01 -1.983238666808724293e+00
2.871917182971723381e+00 -1.932446253518613544e+00
2.815423133163658331e+00 -3.210463762976577318e+00
