1.248147046448266684e+00 9.276330490413318142e-01 -2.098826198647349095e+00
-1.249198890574345855e+00 4.658773552222559844e-01 1.691432904011115124e+00
9.880360311915499516e-02 -8.818437577312271403e-01 -3.533558302282831937e-02
7.039682104157331255e-02 -1.217579148529973621e-01 4.187410457089486004e-01
-2.094028236181009639e+00 5.058352970539833349e-01 4.378022362627101427e-01
-4.778514685251351035e-01 1.946420115859802402e-01 -6.488440815058689193e-01
3.111750057862764374e-01 3.083258647093506943e-01 -1.766431409589525714e+00
-3.945763864780720692e-02 7.923491281710666467e-02 4.907652336232581902e-02
-1.556095023717336323e+00 4.629622339545777510e-02 1.777941071809733042e+00
-1.095090371921734196e+00 1.596175528028268342e+00 1.220260168268487933e+00
9.528355583481162849e-01 9.354072837578217836e-01 2.607738573875640675e+00
1.286911621952366414e+00 6.936096612140941753e-01 4.550244697876228983e-01
9.048397597447492835e-01 -1.348338946906013636e+00 8.366592939158713493e-01
3.036066826485916970e-01 4.705170604687153868e-01 -1.961386114103955913e+00
3.025787809641207193e-01 2.060339154150997720e-01 -5.132519918150474370e-01
-8.848491782300058617e-01 -6.317764420252016677e-01 2.090360441329132402e-01
-3.484158504293282665e-01 1.873630527375332200e+00 8.022359582254773303e-01
2.773658385764758982e-01 -7.554768308411807798e-01 1.500162808139867021e+00
-1.508898350291544045e-02 -8.966972954828829057e-01 -2.115686945938841934e-01
6.986036483557330756e-01 -5.747920783458931870e-02 1.312719830717285818e+00
8.186058378259708501e-01 9.371655543861807658e-01 -2.136349983764383342e+00
-1.414686068098546912e+00 -1.484569244154043899e+00 -6.736575015437522573e-01
3.380962258889406158e-01 -7.805960667390862140e-01 -9.261992961142634373e-01
5.734085329931930541e-01 -1.095703819819533242e+00 -1.002932908204466206e-01
-1.817478260534217960e-01 5.342659153843896114e-01 5.659959153638382395e-02
-2.232290870008420303e+00 4.086763600873072888e-01 2.557794578885251302e-01
-1.933929796074708440e-01 -2.443823717395204875e-01 -1.693072129778671941e+00
-2.090151417625243646e-01 -2.720518966308497211e-01 -1.301510857317449865e+00
2.836652032840487614e+00 -2.563510648687236770e+00 1.800607864819041337e+00
-1.096877097601390627e+00 -5.982109407278332069e-01 -1.825200687078927686e+00
-2.707766941277342521e-01 -4.886672211653518838e-01 -1.262911419641173039e+00
-2.650939730234856406e-01 7.073630471635177219e-01 -1.125546807829118645e+00
-8.898238524434698427e-01 7.231939402157350205e-01 -6.693916826619378257e-02
7.217883544308973942e-01 2.795705166082967374e-01 -9.862238466289653394e-01
2.012209973371600208e-02 1.740111663840141931e+00 -1.178342329547046763e+00
-7.491004288791947019e-01 1.248743994483203723e+00 3.513149723356193133e-01
-1.135772081018018742e+00 1.765919716686865426e+00 1.414649757918541972e+00
-1.118208826016164004e+00 -1.172065088897744856e+00 -4.393874280847990810e-01
-4.282808581831596961e-01 8.537370520963775966e-02 -2.079618096946705741e+00
2.564842548572013881e-01 3.125363687592429551e-01 -1.053870476346455920e+00
8.869817781711473170e-01 1.416117934487679753e+00 -4.891177842502643369e-02
3.980496504386943357e-02 -7.228463583443325291e-01 -1.021380963106785153e-02
-2.629821618238592507e-01 1.835134193160027904e-01 4.191020013318268872e-02
6.731104842597411819e-01 6.030112732089175642e-01 -1.565986251921963834e+00
1.592505616745830688e-01 6.388426559684734496e-02 9.501496805954863234e-01
-7.647183197205671412e-01 4.526851080784082271e-01 -1.189344063190463485e+00
2.982069677661014495e-01 1.540924557811900464e-01 1.098554370115847778e+00
6.653059255869998578e-01 7.470705783233061101e-03 1.443151766750660148e+00
2.323514878589174881e-01 1.347616627771250908e+00 1.472266032924125945e+00
-2.171179752344242875e+00 -7.141144829231177438e-01 -1.048534210450776216e+00
-2.795534915579230173e+00 -7.338217529465497213e-01 -1.335469903969061845e+00
1.089862388736889898e+00 -1.476762046715374144e+00 -1.391313738035409919e+00
8.438324963608101470e-01 -2.030329793569009666e+00 2.524905759965738294e+00
5.879007903279882818e-02 -1.812904466536915171e+00 9.202245699677719104e-01
8.829337626517275162e-01 -4.673602226004147653e-01 1.646764572034699059e-01
3.730890850175712092e-01 7.649203773731428901e-01 1.030497394275672329e+00
-9.199788214531682273e-01 4.505621585867917306e-02 -2.674971731949052689e+00
4.881791034948236296e-01 -6.199563973066971601e-01 7.574491487902206277e-01
-5.161821473010319572e-01 9.015934161421779169e-01 1.020812311093377334e+00
-1.492517788333278084e+00 -1.838509600551896161e+00 2.718329401989664440e+00
-6.879624918068349970e-01 9.862251613150924134e-02 -6.966320654624040820e-01
-1.386693606811774337e+00 -5.692916039192296163e-01 -2.226739414143146689e+00
-5.242334469685746429e-02 -7.578118172149630460e-01 1.136993428920714866e+00
-3.957219556895416046e-01 -2.485344000871241299e-01 2.609476930177910825e-01
5.898045929895814332e-01 -4.106226131916631411e-03 1.273292934373187579e+00
-4.144729499726582111e-02 -8.517093556437842494e-01 -1.010565576488058337e+00
1.093312440045005829e+00 4.153626606389070330e-01 -8.049952012603335261e-01
3.263982596594951491e-01 4.272776762662875982e-01 -2.502048123777473321e-01
5.959571570422649289e-01 1.011795178077826929e+00 8.661202488302283120e-01
-8.186431061565583311e-01 -1.560638983197981666e-01 -6.507767870390358533e-01
-1.527093027151741056e-01 2.613534538059076429e+00 -6.439087969746697393e-01
-7.634276908258687613e-03 1.898645089343008741e-01 -2.956735852485590232e-01
1.956930767366261037e+00 -6.119969834482547055e-01 -2.125113285577324151e-01
8.969765975210416409e-01 -2.758854070689926274e+00 -2.925356319581174369e-01
-2.285387439299479517e+00 -5.704956737823112523e-01 -6.847803101933436221e-01
-1.159937348626487674e+00 1.008754917141657659e+00 -2.951012752082892709e-01
-7.683580776417336944e-01 -1.555821328560601957e+00 -1.999494462760629920e+00
1.151511769238343641e-01 -3.030210786940414458e+00 1.094237992353102040e+00
-1.140329373529279655e+00 6.300540311995368459e-01 8.688637297509000934e-01
-1.098357080744808645e+00 -2.251700886514615418e-01 5.143281139505588850e-01
1.434968538353757594e+00 6.746008821868413330e-01 -1.422968890616797211e+00
-1.025323273057083678e-01 -8.234347819840911464e-01 -4.596029273811932936e-02
-1.695037280702447191e+00 4.685059109105294550e-01 7.426662667097098935e-02
9.040509827312803726e-03 1.261865695003116239e-01 1.160463927892570357e+00
-1.297499791055650054e+00 2.620792100676641034e-01 5.529553750990982008e-01
4.232066889087811035e-01 -5.984525653397199108e-01 5.271406979060395681e-01
8.390990951748785731e-01 -1.067406022599073800e+00 -6.942350393065174208e-01
-3.269184102420943927e-01 6.058654004929387993e-01 -5.922003481544814152e-01
1.711615202875437669e+00 7.021239821557790917e-01 1.079162433364793783e+00
-8.253055258237083081e-01 -1.200133053248239490e+00 -6.158367198430241690e-02
-2.858203292730705433e-02 -4.594267292108116657e-02 -8.384000975959035040e-01
8.089662098422211178e-01 -6.828848254021135933e-01 -1.185762210590949994e+00
-7.040966988099851831e-02 3.241918051983690430e-01 -7.199552997269158539e-01
-4.760197508533335342e-01 8.814056276154299541e-01 1.127276502866535329e-01
-1.158872213694286168e+00 4.605949986668156915e-01 6.179971912478913199e-01
1.257687545497787884e-01 1.040281545056007673e+00 7.334126168449061067e-01
-4.560784110224503501e-02 -9.846703227246431656e-01 -1.327426221815327656e-01
7.581605274722987842e-01 2.742161939670678672e-01 1.166838829115049575e-01
-6.426632974239084029e-02 -5.245261748049860895e-01 -3.855528371323422299e-01
-2.122380429237908928e+00 1.231591080541140359e-01 3.877202678816925596e-01
